0.00000 0.00000 0.00000
-0.10105 0.00000 0.10105
-0.26400 0.00000 0.10933
-0.42857 0.00000 0.00000
-0.52790 0.00000 -0.21867
-0.50505 0.00000 -0.50505
-0.32800 0.00000 -0.79190
0.00000 0.00000 -1.00000
0.32800 0.00000 -0.79190
0.50505 0.00000 -0.50505
0.52790 0.00000 -0.21867
0.42857 0.00000 0.00000
0.26400 0.00000 0.10933
0.10105 0.00000 0.10105
0 1 2
0 2 1
0 2 3
0 3 2
0 3 4
0 4 3
0 4 5
0 5 4
0 5 6
0 6 5
0 6 7
0 7 6
0 7 8
0 8 7
0 8 9
0 9 8
0 9 10
0 10 9
0 10 11
0 11 10
0 11 12
0 12 11
0 12 13
0 13 12