0.00000 0.00000 -0.00000
-0.04783 0.00000 0.11550
-0.17675 0.00000 0.17675
-0.34642 0.00000 0.14350
-0.50000 0.00000 0.00000
-0.57741 0.00000 -0.23916
-0.53034 0.00000 -0.53034
-0.33483 0.00000 -0.80841
0.00000 0.00000 -1.00000
0.33483 0.00000 -0.80841
0.53034 0.00000 -0.53034
0.57741 0.00000 -0.23916
0.50000 0.00000 0.00000
0.34642 0.00000 0.14350
0.17675 0.00000 0.17675
0.04783 0.00000 0.11550
0 1 2
0 2 1
0 2 3
0 3 2
0 3 4
0 4 3
0 4 5
0 5 4
0 5 6
0 6 5
0 6 7
0 7 6
0 7 8
0 8 7
0 8 9
0 9 8
0 9 10
0 10 9
0 10 11
0 11 10
0 11 12
0 12 11
0 12 13
0 13 12
0 13 14
0 14 13
0 14 15
0 15 14