0.00000 0.00000 0.00000
-0.00000 0.00000 0.11111
-0.08504 0.00000 0.20533
-0.23570 0.00000 0.23570
-0.41059 0.00000 0.17008
-0.55556 0.00000 0.00000
-0.61592 0.00000 -0.25511
-0.55000 0.00000 -0.55000
-0.34015 0.00000 -0.82126
0.00000 0.00000 -1.00000
0.34015 0.00000 -0.82126
0.55000 0.00000 -0.55000
0.61592 0.00000 -0.25511
0.55556 0.00000 0.00000
0.41059 0.00000 0.17008
0.23570 0.00000 0.23570
0.08504 0.00000 0.20533
0.00000 0.00000 0.11111
0 1 2
0 2 1
0 2 3
0 3 2
0 3 4
0 4 3
0 4 5
0 5 4
0 5 6
0 6 5
0 6 7
0 7 6
0 7 8
0 8 7
0 8 9
0 9 8
0 9 10
0 10 9
0 10 11
0 11 10
0 11 12
0 12 11
0 12 13
0 13 12
0 13 14
0 14 13
0 14 15
0 15 14
0 15 16
0 16 15
0 16 17
0 17 16